86.6
82.5
82.5
92.6
82.3
77.3
77.0
87.8
84.3
86.5
75.9
82.3
85.6
81.8
81.1
80.8
88.0
92.5
82.4
85.6
78.5
76.9
87.0
86.1
87.3
80.2
74.8
88.7
81.9
85.8
75.0
84.3
83.3
87.9
83.1
84.0
83.3
79.5
79.4
74.8
86.0
80.0
82.2
77.7
84.0
84.1
88.0
82.0
80.9
85.2
84.0
83.9
87.0
76.5
84.3
84.4
70.2
86.3
81.8
87.2
75.5
87.3
87.3
88.1
84.1
84.9
86.8
77.2
88.6
74.6
80.4
84.2
80.5
81.5
82.3
83.3
79.4
87.0
85.3
86.6
83.0
82.2
84.5
83.0
80.4
75.7
88.8
85.9
84.3
80.4
83.3
87.4
88.0
78.5
71.6
77.1
86.3
88.0
81.5
83.1

Total Avg Luck:82.90800000000002